9.999999472554782498e-01 4.231210600000000126e-11 4.785130195000000225e-08 4.849026648000000034e-09 3.199949999999999911e-13 1.561020999999999918e-12
9.999947214686795149e-01 5.286061760999999970e-09 4.967151450181999770e-06 3.058609683080000043e-07 1.957568999999999855e-11 2.132645069999999930e-10
9.863330707667232744e-01 7.545995483822505283e-03 3.882370696802680014e-04 1.626008799988229057e-03 5.599216343999999622e-09 4.106682280569214083e-03
9.823529695227806169e-01 1.398950981910694613e-02 9.792788827740989219e-04 1.712326281800942950e-03 1.466570226999999991e-09 9.659140269671750295e-04
9.999178892484622549e-01 9.859563040799999413e-08 7.454548208262399536e-05 7.465231796552999696e-06 2.423631370000000245e-10 1.199665290999999903e-09
9.999340287108315906e-01 1.784930712360000038e-07 4.712316428063000252e-05 1.866469941542499994e-05 1.926666940000000096e-10 4.739734522000000301e-09
9.998915699246172517e-01 2.285376797855999819e-06 9.120162210451599632e-05 1.493405598726599925e-05 1.704225899999999874e-11 9.003450774000000476e-09
9.971075705447096649e-01 6.636925597764439626e-04 2.314324801278319990e-04 1.996265510989973964e-03 9.688841000000000721e-12 1.038894707086999901e-06
9.994560259294864579e-01 2.080747879311899869e-05 3.237793040266499837e-05 4.900301289526479533e-04 1.730501099999999855e-11 7.585150604130000489e-07
9.997191158121994103e-01 1.602082276345199931e-05 1.924165566020069932e-04 6.774032727656900319e-05 8.470328249999999908e-10 4.705634125680000074e-06
9.994153300980603838e-01 8.713851145938000722e-06 5.593241968957639483e-04 1.630324707216500001e-05 2.453217669999999788e-10 3.283615040190000209e-07
9.950007742529405341e-01 2.501716414489600025e-05 4.945930944205911665e-03 2.808248044516299980e-05 1.385615470000000054e-10 1.950197018389999872e-07
9.595400804945553030e-01 5.988145880726179759e-04 3.978547842759876801e-02 6.163170569942300427e-05 1.368110248100000028e-08 1.398110297129699997e-05
9.590919959888709601e-01 2.410254660507629948e-04 4.058553501646446765e-02 6.614071838491400186e-05 1.758625916299999880e-08 1.528522396980300059e-05
8.863977093058929002e-01 1.217781573518559451e-02 9.597531965904967932e-02 4.362993111085529570e-03 2.654906936599999889e-08 1.086135639717106987e-03
9.985444590977150536e-01 1.501794406089000079e-06 1.415015742701683076e-03 3.899651275596099941e-05 9.915690200000000489e-11 2.675326459599999912e-08
9.995651525169505502e-01 4.646529091280000051e-07 4.242339711859630189e-04 1.006589161925299925e-05 6.564580480000000370e-10 8.231087707900000236e-08
9.999285973637608294e-01 1.667358807899999886e-08 6.697863996788400599e-05 4.399582586159999782e-06 2.873510369999999928e-10 7.452745925999999610e-09
9.999341770647083294e-01 6.893653397199999665e-08 3.937323034253599691e-05 2.636171002739599935e-05 1.834179496000000038e-09 1.722420801400000147e-08
9.998147433999751144e-01 4.336188196640000247e-07 1.034490825388240066e-04 8.136663730083700126e-05 9.180558689999999941e-10 6.343310059000000209e-09
9.985142586238453521e-01 7.286739183770000158e-07 1.362779947880609016e-03 1.221623026598969957e-04 1.876108820200000033e-08 5.169060738099999885e-08
9.979985559832861286e-01 2.957754398470000098e-07 1.988274384741149040e-03 1.276402413995200034e-05 3.324480043999999949e-08 7.658759252699999719e-08
9.866628636309556777e-01 1.147689256598999919e-06 1.332425345563339851e-02 1.170142674034600058e-05 3.845764123999999681e-09 2.995164990000000169e-08
9.749820514056956045e-01 3.725912553542000170e-06 2.500514336391150561e-02 9.056713418953000379e-06 2.163738190000000122e-10 2.238804678699999977e-08
9.937551230808125968e-01 2.250323076182799933e-05 6.158997702679008986e-03 6.305819077849799845e-05 8.742840860000000494e-10 3.169206840089999910e-07
5.557604480382661860e-01 5.442456923947300155e-05 4.435769064766663661e-01 5.692700155162079773e-04 3.589427199069300148e-05 3.056628321175000202e-06
4.351827954766201989e-01 9.162315715617999677e-05 5.631255255295938289e-01 8.557749489825580182e-04 7.414748929517430342e-04 2.805994695388000203e-06
9.253813563463517688e-01 3.210500408928699932e-05 7.432700759614722930e-02 2.594755902180580264e-04 9.220024954000000286e-09 4.624316862699999910e-08
3.169705851167431976e-01 1.574658890494460119e-04 6.826077904312988220e-01 2.476540129334510064e-04 9.240809883563000843e-06 7.263740091321999857e-06
6.645229136332989617e-01 7.204091875932000142e-06 3.354311604987170736e-01 3.868649484550899938e-05 1.216468985500000039e-08 2.311657285199999844e-08
1.083616955865375139e-02 3.365716483406000248e-05 9.891210006719943770e-01 8.774339397088000452e-06 1.367432807750000004e-07 2.615218397950000069e-07
2.698594207266749936e-02 2.320162384861939914e-04 9.727418882398303213e-01 3.986363166650699761e-05 4.145437255100000243e-08 2.483629769649999976e-07
1.320706884584590957e-01 1.958977271639299932e-05 8.679045352522472001e-01 4.574771196765999773e-06 5.402611020760000004e-07 7.148427849400000026e-08
7.334462120837490981e-03 3.690271149166700137e-05 9.833313400083092404e-01 2.247724770928999854e-06 9.289327072968369195e-03 5.720361622279000178e-06
2.339109264704253635e-02 5.204520376343390285e-04 9.760734738476756212e-01 1.444326674423699973e-05 2.475078033990000002e-07 2.906930996530000225e-07
9.028453725689467024e-02 2.879452579258199793e-04 9.094106496438317810e-01 1.617806380088800068e-05 3.791451186239999897e-07 3.106324282489999885e-07
5.201657389531495757e-02 2.673185350268989825e-04 9.476886668677197978e-01 2.259361338746499858e-05 4.381011257423000346e-06 4.660772934130000062e-07
5.222400298082650015e-04 1.755727127897779990e-04 9.989154078535841252e-01 4.402313091570999654e-06 3.810399026203070108e-04 1.337188105911000061e-06
4.020251018970297414e-03 6.131886914226944603e-03 9.879743857832958831e-01 1.812244595279509948e-04 1.652441502111394933e-03 3.981032186731399728e-05
5.573744429647773391e-01 6.616073395075400385e-05 4.425022910929764519e-01 5.145986586285499685e-05 5.618337141948000129e-06 2.700529078100000147e-08
8.099526918405474119e-01 3.282342767624900299e-05 1.899973102045137419e-01 1.575985039303999904e-05 1.371177698794000096e-06 4.349917070500000018e-08
3.674812926045442074e-01 3.075301309959190053e-04 6.321829176502713477e-01 2.534108707300600160e-05 8.637994614900000327e-07 2.054727654051000002e-06
9.225954196886498870e-01 1.616075270159081975e-03 7.577216855909407744e-02 1.073401331841099932e-05 6.411652412900000582e-08 5.538352254370999593e-06
9.807319981706814627e-01 1.503920348877210006e-04 1.911140863815235028e-02 5.847350629325999759e-06 4.700745763999999830e-09 3.491049032620000164e-07
9.857014323955965995e-01 2.833414511680300087e-05 1.426521771417334911e-02 4.987366584856999779e-06 3.458648755999999922e-09 2.491987953599999919e-08
8.356719671470912436e-01 8.931822261911440087e-04 1.630509910876151991e-01 3.769754173554450052e-04 1.782463325544000060e-06 5.101658421467999732e-06
4.446269082873986478e-01 2.347059203460044249e-02 5.300452851774497542e-01 1.768796988368778961e-03 9.975279712719999723e-07 8.741998421102600337e-05
8.915399828920107517e-01 3.831226317251836856e-03 1.036836914054608677e-01 8.849454664213280385e-04 4.773775306900000308e-08 6.010618110202399901e-05
2.381840403139629317e-02 2.606182576776490249e-04 9.758264713704963844e-01 8.058788447619400581e-05 4.440408869178000336e-06 9.478047084416999239e-06
9.516553797075752441e-02 9.510751318909399933e-05 9.046921394816500595e-01 4.681974457398199897e-05 2.787390952239999996e-07 1.165507342989999938e-07
1.125768173581188913e-01 7.166752643970289612e-04 8.866439883991003024e-01 5.323145070482799765e-05 2.482914763729000027e-06 6.804612915487000305e-06
2.554844194089851972e-01 1.479165253333030068e-03 7.427446897595278985e-01 2.859228466807149909e-04 3.183090340960000004e-07 5.484422439149000015e-06
6.422462925860565885e-01 9.624508140685019558e-04 3.567075783945551914e-01 7.014529619718600038e-05 6.440823232270000027e-07 1.288882679944899996e-05
4.195897687158018363e-01 2.579998833869029829e-04 5.800752838287105417e-01 6.969749933728200625e-05 2.684512391039999900e-06 4.565560372501000289e-06
8.785179163764730292e-01 1.168075778123429974e-04 1.213400278814831534e-01 2.436981980858300164e-05 3.333887421179999867e-07 5.449556807499999532e-07
8.589292931315175572e-01 1.480352870371260028e-04 1.408381366926140243e-01 8.147245311781400347e-05 5.138696197020000246e-07 2.548566093662000055e-06
4.360220873282423804e-01 1.278352302146669895e-04 5.632144598196309193e-01 6.152326109598199339e-05 5.699088401503269591e-04 4.185520665721999758e-06
6.455424631714504757e-01 1.505732339259764022e-03 3.527662383217455289e-01 1.815234153600719968e-04 4.862336319609999826e-07 3.556518552083000038e-06
4.296506910105594990e-02 5.350245080256259538e-04 9.562825125531221326e-01 1.442387751636199894e-04 6.377891829200799773e-05 9.376144340691999887e-06
6.125523677077712170e-01 1.295124618235189912e-04 3.872569208496556281e-01 5.419000195216399729e-05 3.264873360472000002e-06 3.744105437086000101e-06
9.344738922741310239e-01 9.033796934790000217e-07 6.552419217308906585e-02 8.460480484239999661e-07 1.640108557009999959e-07 2.114182126999999976e-09
5.339735312357819508e-01 7.192368553411000411e-06 4.651628946802919273e-01 2.792244045818000182e-06 8.532011848632859666e-04 3.882864637750000203e-07
9.947571354203588179e-01 4.694456174499999719e-08 5.242200527733245803e-03 6.090157263940000132e-07 7.803264102000000568e-09 2.883555809999999758e-10
9.278655235125663481e-01 9.141499206889999896e-07 7.212557242107200950e-02 6.493165857001999912e-06 1.490588668263999994e-06 6.161915783999999744e-09
9.915230364241636174e-01 2.886574395858999829e-06 8.468530268192376448e-03 5.489303222451000305e-06 2.554503685499999986e-08 3.188498870900000168e-08
9.909969738476502865e-01 4.093567483873400030e-05 8.941719296767311129e-03 1.996020083194200066e-05 1.200537594800000023e-08 3.989745359009999755e-07
9.934309480089442701e-01 6.960018583318000340e-06 6.555720964974624636e-03 6.107400079970999750e-06 2.631110204900000160e-08 2.372963156669999992e-07
9.859978465207149823e-01 1.404813059613999913e-06 1.399673042257786049e-02 3.948727980007000145e-06 2.556307303499999905e-08 4.395259466200000235e-08
9.603073945487610175e-01 2.431561736199999984e-06 3.968123999022743487e-02 7.612062489512999701e-06 8.482145178770000435e-07 4.736222680920000040e-07
8.798311546797871197e-01 6.645032345208599976e-05 1.200375338483869042e-01 5.586624620647299825e-05 1.299926622734999972e-06 7.694975544733000531e-06
9.819535379423830479e-01 1.973555161429000080e-06 1.804059868644659892e-02 3.663804180531000184e-06 1.267852846859999977e-07 9.922654381899999711e-08
9.579741863996311668e-01 1.621216954392999911e-06 4.201843177060534534e-02 2.557168766133000099e-06 2.867170732418000144e-06 3.362733105399999904e-07
9.706803952656612999e-01 1.557885239636999981e-06 2.931432480036895091e-02 3.251801325856000039e-06 2.775343830230000036e-07 1.927130212800000120e-07
9.895220501760114695e-01 8.518092888970000166e-07 1.047556436910624007e-02 1.291339104019999930e-06 1.409980504499999901e-07 1.013084389449999941e-07
9.809302839762860104e-01 8.007505902299999811e-08 1.906776101571339491e-02 1.785904404084000057e-06 8.366274542100000581e-08 5.365792214000000243e-09
9.837140234296972707e-01 1.927291311575300042e-05 1.623026077371481080e-02 3.231148264841600105e-05 2.508757955499999929e-08 4.106313244216999832e-06
9.164719975996392654e-01 7.923707244164370249e-04 8.234316659487073142e-02 3.424840190558139973e-04 7.736108924399999564e-08 4.990370092843700252e-05
9.209383298467020973e-01 1.694243784443627034e-03 7.566557023333111975e-02 2.942675963753380226e-04 7.389020428613000170e-06 1.400199518719171107e-03
8.867047679995972986e-01 2.739605372049910077e-04 1.128839653401385729e-01 7.814185124852499346e-05 4.424314455623000102e-06 5.473995735507799712e-05
9.476696017343786416e-01 1.396405008655939928e-04 5.204577059289589719e-02 1.305095966577100083e-04 1.653183314400000075e-07 1.431225687055099980e-05
7.416350922740483353e-01 1.859411353972380049e-04 2.575814440044973397e-01 1.585014143278149965e-04 1.426692359144749931e-04 2.963519358149850017e-04
9.537076258438627052e-01 9.349569651129000094e-06 4.622121539485763569e-02 5.909079369487800081e-05 1.364789104949999979e-07 2.581919023407000050e-06
8.328842792592222599e-01 6.358591757119000387e-05 1.668146729966024366e-01 2.331323750085220010e-04 1.329488810150000006e-07 4.196502714817999909e-06
7.217452814879483647e-01 1.372973556294129998e-04 2.779103789711075412e-01 1.877354465451820068e-04 3.852087914255000038e-06 1.545465085535700040e-05
9.611432860190632921e-01 4.864146833459399687e-05 3.862563191526723755e-02 1.791198176356079998e-04 3.684344033439999934e-07 2.952345295558000076e-06
9.096049330815452194e-01 6.681571004592399730e-05 9.000398910243329054e-02 3.223248627266050255e-04 1.200242668339000105e-06 7.370005807010000018e-07
7.453828918121545577e-01 3.302902209089600156e-03 2.379811076372799761e-01 1.250754814710997032e-02 5.521510765534299968e-05 7.703350867106030292e-04
4.444429732570837066e-01 1.447459016754449994e-04 5.447817034103702438e-01 7.445440935893279976e-04 9.860027760655198925e-03 2.600557662602899839e-05
6.506255865981879216e-01 1.451666841219383976e-03 3.470087152168244704e-01 8.878905415608390455e-04 2.203252846196499941e-05 4.108273745346999818e-06
8.211491970973761045e-01 7.373582816601829612e-03 1.703557535967477610e-01 1.109915082731150002e-03 3.430555292369999930e-06 8.120851250823999174e-06
5.716347770970391373e-01 5.208822612939952371e-03 4.205416376062466877e-01 7.984047771970740129e-04 1.655691343410547979e-03 1.606665631665520034e-04
7.774993798266066625e-01 1.055146955310545982e-02 2.101376771493239926e-01 1.794946469491597897e-03 1.116873927134699991e-05 5.358262201073999772e-06
7.214702663186705056e-01 7.543185743506106156e-02 1.987224805708856235e-01 3.591915653295551115e-03 7.827048746856489492e-04 7.751474017020000466e-07
7.609238253064326551e-01 1.601107519648958255e-01 7.838125221412678423e-02 4.535709422674780015e-04 1.305420309692809978e-04 5.754130785100000039e-08
8.031361327459265453e-01 1.955128813753767569e-01 1.335080690452400973e-03 7.818647245343000223e-06 8.078263536115000060e-06 8.277462966000000508e-09
3.614608376143294000e-01 6.384317187869170684e-01 1.044693601695960032e-04 2.888576901469000161e-06 8.514425799900000562e-08 5.174245859999999543e-10
9.425463576812993516e-01 5.744300094184353472e-02 9.257470187685999538e-06 1.383492128804000073e-06 3.995925709999999784e-10 1.494818299999999873e-11
1.312984575310892355e-01 8.686836259467297650e-01 1.491786991262999944e-05 2.997418790328000023e-06 1.182963063999999977e-09 5.051508300000000220e-11
6.954040657869661191e-01 3.045176949562504176e-01 6.022019532030000279e-05 1.801738850090199847e-05 3.568884909999999833e-10 1.316073749999999940e-09
5.864640816222664865e-01 4.134926481069757243e-01 2.983859042449399899e-05 1.342849802665500008e-05 3.096065599999999958e-11 3.151345944000000171e-09
8.955305800202130184e-01 1.043354667724004092e-01 3.373107597221799763e-05 1.002081088458999989e-04 3.889020400000000234e-11 1.398367806899999998e-08
9.867434010879362338e-01 1.303615620671605933e-02 1.077840646545099936e-05 2.096454235206269916e-04 1.109987400000000073e-11 1.886426182699999918e-08
9.978003563832390510e-01 1.899094481705426024e-03 1.202841150636600048e-04 1.797386668324039982e-04 1.713768949900000113e-08 5.092154698470000499e-07
9.944123312030140882e-01 1.856661548884037082e-03 2.108287330067900017e-03 1.614958323149728002e-03 2.194173787520000130e-07 7.542177505396000189e-06
9.987558493256157854e-01 3.703146495669449971e-04 4.080407001950040044e-04 4.643057211838139825e-04 2.109114128000000076e-09 1.487494324400999905e-06
9.999012226597830955e-01 1.876570964645500006e-05 3.192672906524900091e-05 4.795094692802299974e-05 1.028579999999999965e-11 1.339442913860000030e-07
9.992396194491911521e-01 8.760462466200000643e-05 5.869986703041980315e-04 8.384812327227899567e-05 3.850550120000000023e-10 1.928747515589999894e-06
9.876457179800655073e-01 6.363767095440889775e-04 1.109792898973897129e-02 5.899488347420130032e-04 5.365208470999999666e-09 3.002212070091900132e-05
9.375390641077971932e-01 2.581470822936796083e-02 2.843543237154192577e-02 5.662336382977569381e-03 4.890158555000000280e-09 2.548454018156585954e-03
1.336495649988499930e-05 9.952873082088153911e-01 4.528790479371685128e-03 1.134784117663369970e-04 7.449124999999999725e-12 5.705793609769200267e-05
1.458260720762792270e-02 8.916424478018133426e-01 1.147956321028048218e-02 3.376614499844290095e-03 2.133680301199999962e-08 7.891874594363092188e-02
8.699329840421474724e-01 7.709012926737748850e-02 3.833728930263112511e-02 1.351785175519934837e-02 1.063107888200000033e-08 1.121735001565685955e-03
2.865813230175744408e-01 1.237457682053432484e-01 6.635054447548535163e-03 3.423990129531500615e-01 1.003046763000000040e-09 2.406388403733370485e-01
4.582892708345729163e-03 3.483390790216499555e-01 3.495558796191817075e-03 1.280726390793223146e-01 6.905943800000000372e-11 5.155098303254308512e-01
4.940773261439289354e-03 7.687287716970066243e-02 1.441385362657910047e-04 1.867836879930476549e-02 4.736041900000000130e-11 8.993638421859290188e-01
7.707826058867530078e-04 7.155639638906021727e-01 5.986453903474299692e-05 4.320873719803923312e-03 1.613059000000000145e-11 2.792845152285419186e-01
6.270260184245300054e-05 2.169141538539508529e-01 4.139498341253000000e-06 1.087522305512335103e-03 9.703299100000000109e-11 7.819314816433201587e-01
4.254360181841999621e-06 1.586040163332630426e-01 1.925921592738999858e-06 5.632462322624879909e-04 4.442678079999999829e-10 8.408265567084322045e-01
4.982270301088489659e-04 5.495132631705106352e-01 8.527413730079900145e-04 4.727852111475867869e-03 5.118384001300000249e-08 4.444078651310566785e-01
1.140672909610210284e-01 1.944414929145717175e-01 1.711350925485165004e-03 8.239312766041678379e-03 4.606376734100000018e-07 6.815400917952070259e-01
7.081439992384309847e-04 6.219172932169342999e-02 4.023312874618000309e-06 1.655208632256079929e-04 7.637287379999999910e-10 9.369305817392391544e-01
1.650573806787489965e-04 3.947920752858530835e-01 7.388072932172000313e-06 3.068122070834079871e-04 1.148809120000000046e-10 6.047286669385717461e-01
9.422310246548170048e-04 3.191262587325420230e-01 5.522625262998000284e-06 4.601912911717169854e-04 3.380531030000000255e-10 6.794657959883153575e-01
1.160074891723029950e-04 2.747585448187290710e-02 7.946025574980000438e-07 1.949868280897299995e-05 1.370855669999999953e-10 9.723878446065028491e-01
9.450644153372099541e-05 4.024018823517417354e-01 1.150110465766000018e-06 2.755517652155499875e-05 1.376555100000000022e-11 5.974749059059716316e-01
1.414175091550000100e-07 8.522864174801991766e-01 1.830766706299999843e-08 1.607269270282000103e-06 4.409000000000000196e-13 1.477118155249132758e-01
1.595142998240000113e-07 9.451621044822469120e-01 3.438982522810000181e-07 5.069229907858999681e-06 7.606704000000000583e-12 5.483232286768641855e-02
4.811869340100000229e-08 6.943795832732655438e-01 2.429381106499999977e-08 4.523328196219999934e-07 1.840997999999999988e-12 3.056198919795692914e-01
8.628856053830999691e-06 8.531359368764666051e-01 1.368219570233000057e-06 8.200762285461999501e-06 1.945558899999999973e-11 1.468458652661680797e-01
2.424858810429999817e-06 6.016697835625256507e-01 5.163364246799999839e-07 6.480626350512000418e-06 1.270186745999999954e-09 3.983207933457020844e-01
3.279913440435530030e-04 8.751031912429007020e-01 2.543077658654999891e-06 5.588961003214400083e-05 1.152543499999999935e-11 1.245103847138396835e-01
5.760829120424110000e-04 9.040498512507646467e-01 1.136842119836999913e-06 4.366821364059499756e-05 2.622486999999999951e-12 9.532926077881022364e-02
4.032072666597199710e-05 8.868384287156843016e-01 2.478057538600000022e-08 1.065205238901599963e-05 5.218489999999999709e-13 1.131105737241634296e-01
2.882872063760000152e-07 8.923522427399536161e-01 1.902902978699999915e-07 1.598938751675000045e-06 3.519999060000000097e-10 1.076456793917906357e-01
1.894747738434620493e-02 6.791583862097864133e-01 2.420973042588000137e-06 8.818562221021000117e-05 1.287671705400000066e-08 3.018035169338974533e-01
7.273023429457999864e-06 9.116216026717807175e-01 2.087554129999999934e-10 3.801316041784000130e-06 1.887359999999999997e-13 8.836732277980377526e-02
9.249595916999999563e-08 2.427583828935910848e-01 4.841185000000000237e-12 1.160779085760000059e-07 1.134030000000000041e-13 7.572414085275864792e-01
2.574599845999999957e-09 4.328695305833664686e-01 1.106765000000000081e-12 2.492919682600000152e-08 1.807089999999999977e-13 5.671304419115494877e-01
2.250376653780939925e-04 9.896786868891578326e-01 1.213679567799999918e-08 3.335084906243599790e-05 6.971850000000000227e-13 1.006291245890873591e-02
3.520496188304619747e-04 9.537122312837977844e-01 2.159568092999999817e-09 3.480259510115400013e-05 8.138300000000000522e-14 4.590091434262109915e-02
1.259290323548133486e-02 8.151812582378208383e-01 4.635238454300000035e-08 1.732757929590071936e-03 3.851675999999999713e-12 1.704930342408715604e-01
1.421156739987461956e-03 9.859101582805631647e-01 1.487722928799999997e-08 1.378951744385299065e-03 4.690450000000000476e-13 1.128971835736562561e-02
1.127243958475295932e-01 8.235093098246359933e-01 2.531419831200000137e-08 1.852096942947682387e-02 8.645000000000000019e-14 4.524529958407273039e-02
1.769177973632495710e-02 9.688709768070274952e-01 1.672631563400000015e-08 1.059743876859019565e-02 4.816000000000000160e-15 2.839787961737234856e-03
2.068284950614104889e-03 9.947701179608626765e-01 1.002727858000000002e-09 1.215873858086289000e-03 2.857999999999999898e-15 1.945722227706139958e-03
7.020731856791107006e-02 9.232222934102788381e-01 2.518246654000000009e-09 1.843112275532271960e-03 3.735000000000000146e-15 4.727273228027445602e-03
7.151930464541286780e-02 8.925673873612086640e-01 2.813547079999999884e-09 2.561220683037730228e-04 2.013700000000000043e-14 3.565718311150754827e-02
5.227560845185517946e-02 9.098094437868770035e-01 1.653822330599999987e-08 5.019432497296300299e-05 6.095160000000000253e-13 3.786473689746213539e-02
3.992455454163700170e-05 9.897980387230637112e-01 1.121701479999999938e-10 8.491370728129999693e-07 3.149999999999999910e-16 1.016118747315155300e-02
3.279618890898899940e-05 9.841264070887696391e-01 8.430085800000000515e-10 9.453869806540000419e-07 1.600999999999999943e-14 1.583985049231628056e-02
1.930382289046999949e-06 9.629260052037701412e-01 1.098493917999999998e-09 4.092319618703999990e-06 1.595220000000000043e-13 3.706797099566856019e-02
8.567147971261999308e-06 9.962473936182194567e-01 5.614181652599999739e-08 8.743875564099999570e-07 8.256260000000000001e-13 3.743108703610825184e-03
9.011502643700000295e-07 9.933401994921664535e-01 8.003811348000000020e-09 6.094981437700000507e-08 1.806727999999999973e-12 6.658830402136923718e-03
1.717215013700000027e-08 9.943814424529462404e-01 5.029700999999999633e-12 3.255155079899999985e-08 4.049999999999999940e-15 5.618507818318974230e-03
2.965672448119999838e-06 9.960978304096883562e-01 1.370395070000000055e-10 4.244641537794999919e-06 2.125300000000000042e-14 3.894959139264778016e-03
6.149206541967999671e-06 9.687795534267179542e-01 3.571320866000000206e-09 2.203146036657599967e-05 1.802544999999999970e-12 3.119226233324993297e-02
2.726356172889999858e-07 9.949970081763416241e-01 2.555159946200000011e-08 6.808271118243000355e-06 4.786809000000000106e-12 4.995885360536553993e-03
1.242078687603000019e-05 8.647522665123293928e-01 4.388682696530000189e-07 1.642534202783910017e-04 8.825534499999999546e-11 1.350706203239912251e-01
3.630190120767999839e-06 1.469536081065585253e-02 2.352192490000000154e-10 1.355854852485799961e-05 2.925483600000000231e-11 9.852874501862244339e-01
3.629426351211000050e-06 3.961804623165938316e-02 2.832732169999999842e-10 8.701478160828999626e-06 1.246112799999999989e-11 9.603696225680942167e-01
8.902211083999999630e-09 3.708940991001146159e-01 2.162797099999999894e-11 1.970861804950999876e-06 6.339239999999999755e-13 6.291039211136073561e-01
1.391921492714999991e-06 5.930190539224473589e-01 8.800215100000000077e-11 2.474694474534699993e-05 5.617581000000000153e-12 4.069548071176947168e-01
8.899892726999999889e-09 3.806170245566510846e-01 1.186953999999999993e-12 1.762259739872000102e-06 5.375480000000000234e-13 6.193812042819917263e-01
3.874665280000000192e-10 8.605895815596145138e-01 3.685350000000000044e-13 7.211875085389999672e-07 5.235080000000000146e-13 1.394096968645182066e-01
2.379069281900000029e-08 4.526536023601249736e-01 1.678795000000000017e-12 7.751248261443999477e-06 1.485977999999999951e-12 5.473386225977558972e-01
1.632992743999999943e-09 1.235273234955078514e-01 4.174210000000000245e-13 7.392667442829999771e-07 1.737602999999999902e-12 8.764719356026001718e-01
3.209632879999999811e-09 4.418436629332878063e-02 6.444629999999999773e-13 6.591891831380000003e-07 2.047366999999999873e-12 9.558149713051633523e-01
3.526063920000000217e-10 1.623198983507233989e-02 7.426749999999999631e-13 2.201051059469999957e-07 2.158001000000000066e-12 9.837677897043146658e-01
2.008343657999999994e-09 5.130991539343019792e-04 9.776118000000000612e-12 7.187253581189999502e-07 5.233648340000000273e-10 9.994861795792229220e-01
6.223626075999999667e-09 5.513702978932820105e-04 1.050056999999999955e-12 8.681234974215000698e-06 2.848210999999999808e-12 9.994399422396081922e-01
1.782497621480000104e-07 2.682380918389606819e-03 4.390608999999999836e-11 2.975733924518019912e-04 8.226818699999999772e-11 9.970198673132221190e-01
4.520435200000000129e-11 4.933897937797359539e-04 1.824000000000000057e-15 2.083843316109999949e-07 6.592099999999999497e-14 9.995064017766165376e-01
1.203000000000000024e-15 5.151946736904000027e-06 0.000000000000000000e+00 1.091502399999999956e-11 1.750000000000000087e-16 9.999948480423466179e-01
1.882018399999999896e-11 6.366725088916220035e-04 1.058000000000000034e-15 3.398734888099999774e-08 6.968250000000000121e-13 9.993632934842414661e-01
1.384860441899999961e-08 3.202807348265277951e-03 4.490129999999999872e-13 6.454664620084999961e-06 2.152320840000000038e-10 9.967907239228289695e-01
4.812783916999999644e-09 4.830197033215330167e-04 5.096899999999999971e-14 2.020636947498999877e-06 2.571419999999999962e-12 9.995149548443247323e-01
2.075180000000000049e-12 1.125796428938120056e-04 1.930000000000000053e-16 2.079071750700000101e-08 1.849459999999999977e-13 9.998873995641284207e-01
1.631874694799999968e-08 8.475445317474499885e-04 1.094460000000000039e-13 2.405533395277000146e-05 4.723689999999999636e-13 9.991283838149709329e-01
2.858963622507600029e-05 3.637822016915250208e-03 8.246541000000000697e-12 1.996382099371435057e-02 7.220536000000000365e-12 9.763697673376782182e-01
3.321353076704200018e-05 2.545898489363790807e-03 2.918218000000000117e-12 3.818746957556399396e-02 5.239089999999999641e-13 9.592334184008630693e-01
2.750278302958799977e-05 9.216048009518026246e-03 7.839910300000000116e-11 3.211596649794058733e-02 1.034634099999999948e-11 9.586404826207662877e-01
4.919072894299999963e-08 1.022795103487309957e-04 8.990469999999999758e-13 1.484448391574299964e-05 2.168357599999999929e-11 9.998828267924240176e-01
8.113513066709999191e-06 6.113671565120206916e-03 2.378413299999999886e-11 8.265439368948630187e-04 1.727038040000000072e-10 9.930516707884302630e-01
1.900587612327000054e-06 1.908346651688766970e-03 6.522630000000000046e-13 1.750526558712189927e-04 3.459922000000000007e-12 9.979147001007155904e-01
1.093666156723599933e-05 1.163207745765213741e-01 3.836664210000000002e-10 5.227776564118337063e-03 6.790757999999999689e-12 8.784405118073357333e-01
7.102935707000000377e-09 3.171028360288028480e-01 9.434999999999999682e-14 1.004324199845849953e-04 2.255999999999999977e-15 6.827967244481801812e-01
3.344375700000000035e-11 2.538126838544915720e-01 1.046299999999999982e-14 4.839720258375000139e-06 9.408999999999999654e-15 7.461824763917864756e-01
5.576175157999999721e-09 1.754633226849055538e-01 1.261847999999999976e-12 4.686857121322599701e-05 1.285090000000000030e-13 8.244898031663155935e-01
8.739090133000000262e-09 1.232181435457778071e-02 6.750060999999999787e-12 3.089715258065800052e-05 2.207719999999999957e-13 9.876472797467805709e-01
7.478530598279999536e-07 4.584764966410705654e-03 6.268562999999999812e-12 4.255516801357799766e-04 4.257400000000000115e-14 9.949889354940826269e-01
1.066226833152199927e-05 4.598247274297876941e-01 3.281192500000000067e-11 1.087458348239615010e-03 2.056050000000000110e-13 5.390771519206236650e-01
1.271337186175599935e-05 7.723285425169977847e-01 3.340841299999999912e-11 7.167575861993650318e-04 2.151189999999999995e-13 2.269419864913178320e-01
2.283703106800000145e-08 1.454383649040728865e-01 8.106670000000000030e-13 9.312727048142999990e-06 2.872000000000000283e-14 8.545522995310085301e-01
4.425666681400000226e-08 1.202311819201653253e-01 1.558518799999999900e-11 1.243196715802099988e-05 2.043699999999999915e-13 8.797563418402203350e-01
3.881624569999999970e-10 1.649634540926680918e-03 1.935320000000000027e-13 2.289723712600000153e-08 5.977418669999999682e-10 9.983503415757384314e-01
4.837407640720000053e-07 9.902146352276497421e-02 1.338663600000000011e-11 2.450313525717000159e-06 6.155043999999999880e-12 9.009756024034034638e-01
1.836041624773000028e-06 9.919273927722496720e-02 2.339734299999999905e-11 2.104810279632900083e-05 4.330969999999999770e-13 9.007843765545234804e-01
1.123367587340000046e-07 4.234479903093058550e-01 6.628951800000000414e-11 2.585760596917899959e-05 4.723500000000000017e-14 5.765260396816294097e-01
3.886733634399999951e-08 1.199687776436701540e-02 3.580277000000000053e-12 3.676246500143000089e-06 4.336179999999999806e-13 9.879994071177825576e-01
6.313448873622199363e-05 9.043875893390659892e-02 1.508284537000000014e-09 5.505072217891160370e-04 2.199221000000000167e-12 9.089475978450842764e-01
3.433015303219399793e-05 5.961386806443869091e-02 1.566259633899999892e-08 3.533963425260030198e-04 9.838381000000000263e-11 9.399983896790230498e-01
1.350049030276438992e-03 3.908240710618771097e-01 1.583215903339999951e-07 6.122961711243780350e-04 1.276988450000000077e-10 6.072134252874329396e-01
6.625561369740099783e-05 8.876271494602347989e-01 1.318695996699999976e-08 4.680077208693630021e-04 3.138154000000000201e-12 1.118385740151001395e-01
2.463309606449007663e-02 9.635335253380363785e-01 2.609382647943999800e-06 1.058273243314320064e-03 1.300678039999999954e-10 1.077249584144339932e-02
3.017479696318789949e-03 9.760771742771279236e-01 5.024370420688900255e-05 1.322335638203490059e-03 8.912420424999999433e-09 1.953275777172249275e-02
1.412737259486786939e-03 9.859028788453221281e-01 1.645612771822499974e-04 6.497482997595430479e-04 2.278259939630000088e-07 1.186984649225519828e-02
2.634775679446200156e-05 9.405645028633693450e-01 9.073917890337600007e-05 1.686084587966859953e-04 1.732855055008000096e-06 5.914806888708130234e-02
4.737738008439629223e-03 9.924577785722450418e-01 5.852471115841999682e-06 4.189170074966809976e-04 6.719548299999999482e-11 2.379713873507141933e-03
9.408777922826193352e-02 8.989876138910045666e-01 1.068483108167999990e-05 8.629397643791409962e-04 7.878898100000000642e-11 6.050982206483864617e-03
4.563626801300221247e-01 5.399741914632194550e-01 3.815461030590609824e-04 2.027283090305290105e-03 4.574581240000000184e-10 1.254298755936003942e-03
3.474252360481502877e-02 9.553720517731698614e-01 2.946138002679388017e-03 1.423431499766258067e-03 7.976044977000000741e-09 5.515847143524322573e-03
7.193619438925509535e-02 9.215384469891751973e-01 8.845767392632059717e-04 3.255970237118045209e-03 1.486840650000000110e-10 2.384811496504313059e-03
5.218091683696511954e-03 9.841945721957283677e-01 2.225217414002500098e-05 1.048613459953860912e-03 3.605881799999999887e-11 9.516470450422418945e-03
8.295441325779789616e-04 9.972026352511003111e-01 1.748789130071919866e-04 5.763431495405710011e-04 1.721386419999999911e-10 1.216598381635173058e-03
1.193153990932165065e-03 9.586511020083418044e-01 1.231929182265542426e-02 4.063443794901210201e-04 9.280836209821000760e-06 2.742082696237048076e-02
4.075949449413544291e-03 6.650861761504011094e-01 2.106994290184826049e-02 1.299072328007489896e-04 1.871552254662129939e-04 3.094508690400701867e-01
2.170337610999999980e-08 1.146155791459362722e-02 8.743008945835087364e-03 5.538897300899999823e-08 9.085037444691645980e-01 7.129161157805766202e-02
2.807266942318799928e-05 9.845393852102400922e-01 7.457308607888396036e-03 1.328727364717299933e-05 3.695755587899999672e-08 7.961909281245186515e-03
2.024814325439000080e-06 8.164327983179126003e-01 4.452567885500261814e-03 4.689326642126999903e-06 3.429386128312659739e-04 1.787649810427883457e-01
1.640592162823579993e-04 9.976653867117148966e-01 3.660949470363420019e-04 7.379698673857600273e-05 5.887437118300000327e-08 1.730603263856660091e-03
1.468958790831904979e-03 9.945910994519272519e-01 2.348513470259654123e-03 1.280495620506099991e-04 1.542255245060000006e-07 1.463224499406129897e-03
7.149694152697000000e-06 9.974736352076755130e-01 1.353940320417099954e-05 1.625911567538000069e-06 3.451924610000000174e-10 2.504049438207488903e-03
5.435123885719999807e-07 9.963797952160418081e-01 2.628072664709399991e-05 1.286230990723000048e-06 6.524874649000000123e-09 3.592087789057030970e-03
7.526735753299999870e-07 9.932293178236956122e-01 1.049041007412400000e-05 3.072141174836000187e-06 1.091331989999999941e-10 6.756366842346884713e-03
1.068396607567499926e-05 9.763790862944740079e-01 1.947564079729599906e-05 8.840470208983999687e-06 1.804790640000000090e-10 2.358191344796509159e-02
3.760306362696999925e-06 9.898111988347818579e-01 1.179242944155689960e-04 9.470932785520999857e-06 5.671398009999999489e-10 1.005764506451457298e-02
2.872215708322899992e-05 9.286596535600489810e-01 9.230391593395279645e-04 2.125710878809799944e-05 9.771670498000000301e-09 7.036731824306990957e-02
1.051029016201300077e-05 8.347079937692473139e-01 1.150761300159537127e-02 3.687301404503799793e-05 2.443035287369000104e-06 1.537345668896629713e-01
1.850085663040967887e-02 8.448463659607099441e-01 1.049802906656768647e-01 2.813784616129130951e-03 2.319280070359999950e-07 2.885847019906728067e-02
8.511459792417263026e-01 1.252078965260868849e-02 1.075117994922496212e-01 1.974248949174520901e-02 7.493485742239999659e-07 9.078192773095810145e-03
6.975389098605486726e-01 4.744119165223284473e-02 6.092824884851888965e-03 1.999878860376693435e-01 5.521943915499999896e-08 4.893913234525803374e-02
4.158202588968092084e-02 1.731938853623927743e-01 1.337207954634729579e-02 4.576509530753407329e-02 3.890511087936299742e-05 7.260480087831655549e-01
1.087211924693977892e-03 8.657395775403793348e-01 8.031317683856542544e-02 4.709297915949659658e-02 1.852247914069999950e-07 5.766869312073238767e-03
1.742963041043216477e-01 5.040684816858285178e-01 5.737705002564123802e-02 1.753973024093674338e-01 1.767035959691999956e-06 8.885909473888145560e-02
5.730335751169211150e-02 2.881342264254136976e-01 3.625077854373310315e-01 2.050722572669225474e-01 7.006207486929520332e-04 8.628175260994754014e-02
1.182315272099396103e-01 6.108754607267624648e-01 2.216392691297845371e-02 2.195147393345855402e-01 4.296339130359999819e-07 2.921391618182100913e-02
9.651974536133055282e-02 7.148689721958373378e-01 2.424515048656611035e-02 1.523341982411650919e-01 2.710115573969999744e-07 1.203166270354359864e-02
1.438013675594119328e-02 3.632746017044247155e-01 3.350258530937635926e-01 3.904814146665163549e-02 6.979536166708080226e-04 2.475733133625480087e-01
2.180785803190525996e-03 8.756619081948056049e-01 5.885601989930563938e-02 5.455726262399581555e-02 1.248912690014999996e-06 8.742774566012133028e-03
1.019635726705652107e-03 8.708139083346541076e-01 3.765543931443472020e-02 8.928232972226293751e-02 2.328456199599999980e-07 1.228454056322772969e-03
1.253734999060370078e-03 6.886718750343424622e-01 4.223829001401240707e-02 4.741819339434014124e-02 9.923409949460600045e-05 2.203186724587501144e-01
1.630087912512255977e-03 7.561640003321730419e-02 5.000420836827630666e-02 6.690012429416219986e-03 4.351998832955452159e-03 8.617072924236224285e-01
1.963366604058430082e-02 6.451895995367580294e-01 1.633510260813584025e-01 1.188619919317454726e-01 1.230096798661000027e-05 5.295141544156729829e-02
1.778425399566544059e-03 6.964359639713627592e-01 2.075348023518851504e-01 7.392021171478502239e-02 2.455465835360299995e-05 2.030604190404706674e-02
3.339427504445017375e-02 7.943026043843317563e-01 1.700943949185766690e-02 7.700368864087850374e-02 4.996031067549999499e-07 7.828949283537516013e-02
1.341039103610864062e-03 9.249964306968569971e-01 9.549877677930111372e-03 1.228906634188471798e-02 3.234448216059999892e-07 5.182326273489571561e-02
3.488044559357599884e-04 2.318286174329256266e-01 1.970071002091555983e-03 2.807606367422174100e-03 5.046344143341799826e-05 7.629944373001914526e-01
3.799172531579381729e-01 1.805510743975662913e-01 2.411463445100303082e-01 1.887143782627075661e-01 2.730132955535299969e-05 9.643648342202311083e-03
4.477719199002561795e-02 5.446074933240846461e-01 2.572769947482678732e-01 1.351516923374738444e-01 2.194921047390400103e-05 1.816467838967395637e-02
5.677509149227136578e-03 6.916849963233896448e-01 1.277781637966670381e-01 6.539397489992979096e-02 3.124142950868300195e-05 1.094341144012778155e-01
5.376785985692389717e-04 7.367237438303165797e-01 1.639046877223290233e-01 7.151575982274592513e-02 2.649811150120999952e-06 2.731548021488895694e-02
2.674908511326050051e-02 4.419450680147384292e-01 1.113174191355582043e-01 3.695864402306313079e-01 4.808050077875000101e-06 5.039717945573357616e-02
3.840768860736897689e-02 3.884802758140157297e-01 5.379458321709157387e-02 5.061748604122524586e-01 1.242238671050999994e-06 1.314134971060017774e-02
2.075819705636956780e-02 7.219766445905755337e-01 1.274563465974447828e-02 2.349193629210073464e-01 1.527867348959999929e-07 9.600007985568172891e-03
3.537846121403111915e-02 8.571008140401602249e-02 8.232992356328863170e-01 4.787088185490059183e-02 6.830905334536009751e-04 7.058249360712353163e-03
6.977631149967930199e-04 1.102046542907505755e-01 8.453073899716312400e-01 5.814849053858377366e-03 1.687847261893242901e-03 3.628749630686987915e-02
8.726537403343288812e-03 7.487608190336807468e-01 1.006004052562442103e-01 5.505544289099709165e-02 1.312590900985899977e-05 8.684366950672474383e-02
1.342414072873672915e-03 9.022748909118373239e-01 6.319966522700076576e-03 1.730485767322138477e-02 1.790436975629999941e-07 7.275769177566983326e-02
3.537961744484775795e-02 7.183417217653712550e-01 1.293539796850168844e-01 1.029755912029298448e-01 1.614096151355999949e-06 1.394747580568284594e-02
5.094653517631141104e-02 8.721445648403314266e-01 3.088985671336419089e-02 3.572382049233574497e-02 4.991874523600000474e-07 1.029472359020485416e-02
3.944714473521237358e-02 8.570552406812839141e-01 6.220746797699917147e-02 1.838257176591064079e-02 2.509431568161999937e-06 2.290506540902574259e-02
1.992597732840850101e-04 9.949481053494918514e-01 3.455404561552890153e-03 1.117979608915986925e-03 1.802880628300000074e-08 2.792326779489560061e-04
3.015562197021329758e-04 9.924774250157800681e-01 6.923476700311416952e-03 2.417671186592339867e-04 2.444140527690000212e-07 5.553053149441699834e-05
5.876469923736769851e-04 9.920074944917789406e-01 6.749505578796725219e-03 5.783710219939919642e-04 8.448898811449999528e-07 7.613702517571400475e-05
3.480398370541956925e-03 8.181137546253033355e-01 1.704183756800833616e-01 7.632509749193368796e-03 2.741998586129559975e-04 8.076171626517200577e-05
2.256949917146686135e-03 6.467392145877854936e-01 3.403225489315704344e-01 6.504660353763698673e-03 4.163166959297143720e-03 1.345925043681399975e-05
2.472672590717783433e-02 9.202717694484371380e-01 3.897385201152848283e-02 1.601916031248901487e-02 3.407959450298000056e-06 5.084360917208999846e-06
3.059504195685203501e-02 9.181988259278144326e-01 1.615547561161649950e-02 3.504431835989016419e-02 1.708780106101000096e-06 4.629363720677999679e-06
7.995788803035135117e-03 9.755161676149486372e-01 3.240435354594944830e-03 1.324572707197715568e-02 4.379393449699999681e-08 1.837361509627000050e-06
2.771595722202580144e-04 9.990265466616797818e-01 6.794667258590999744e-05 6.275464914070490435e-04 5.377560000000000040e-11 8.005483315119999565e-07
4.572026995021833545e-02 9.528343397493074241e-01 2.255049938656030037e-04 1.212078790347835902e-03 1.504005997999999936e-09 7.805012254829000044e-06
7.389296327721379953e-02 9.173758902555509964e-01 8.805375745492230065e-04 7.807145905773699678e-03 1.468249588759999911e-07 4.331616195342199684e-05
9.433033384391322981e-03 9.193412267148545203e-01 1.053141671929460049e-03 6.402530693614205681e-02 3.532474594448400029e-05 6.111966546738462590e-03
3.686272167116899813e-05 9.520181369432542118e-01 5.574507995522699842e-05 4.788580261061072679e-02 2.793124099999999981e-11 3.452616577490000175e-06
1.877931491683670993e-03 7.363602346172489765e-01 2.513276530167039987e-04 1.575177594640798928e-01 2.634242473799999901e-08 1.039927204315461151e-01
2.296848831732188276e-02 5.098990223717584369e-01 2.051518972109875327e-01 2.607645866438913496e-01 6.571569315400000217e-08 1.215939740347578898e-03
8.290846204060801916e-02 1.369211661292573379e-01 5.999789361501157992e-02 1.166988780032323925e-01 4.103420886678000030e-06 6.034694967910040342e-01
1.795599188751197950e-01 5.254497346289840453e-04 8.094555219763548415e-01 1.044432231947307714e-02 5.871821534530000187e-07 1.419991226997299916e-05
1.439427861245939355e-01 6.163949017166569979e-04 8.546782175171055984e-01 7.574773553676659565e-04 7.434594339499999889e-08 5.049755272630000108e-06
5.767672267264616418e-03 5.454896160162352459e-01 4.443457826702695845e-01 2.090155742371647019e-03 7.143969644199999532e-08 2.306701864162390928e-03
1.120170829938000055e-05 5.645375093518403276e-01 1.632909751665414383e-02 1.239091982533199927e-05 1.476777272159999994e-06 4.191083237261086225e-01
4.660839395429999968e-07 3.333736394031038275e-01 1.992242123835330037e-04 1.259931286923700046e-05 5.357011396999999804e-08 6.664140174175897657e-01
8.352005063198999466e-06 3.351879045610231533e-02 6.941215884617209925e-04 6.605576746560520374e-04 1.313641436193199970e-05 9.651050418613548176e-01
7.272202896403100203e-05 1.960176507531536660e-01 3.624124413945000033e-06 8.003870513711194845e-03 3.691725549999999853e-10 7.959021322105847007e-01
1.713841102158500008e-05 2.374287252251025548e-01 1.787543132355600111e-05 5.613599191602407917e-03 5.123303769599999942e-08 7.569226105079120970e-01
1.593032080722999947e-06 4.395254098723021252e-02 1.608017674412000057e-06 1.624182791567844097e-03 1.075429486650000038e-07 9.544199676284982337e-01
3.098428295561289820e-04 4.001663250675335792e-01 2.450876237877399878e-05 8.600120903782720871e-02 5.854819790300000321e-08 5.134980557545063551e-01
5.190545703640000080e-07 1.908250930481660002e-01 1.054399373210999898e-06 5.243929332187259726e-04 2.922324973600000029e-08 8.086489113414220276e-01
2.786804718099999911e-08 3.646985716419386958e-01 1.019732907810000028e-06 3.064102381714899786e-05 1.478107832300000041e-08 6.352697249522109013e-01
2.259431075499999841e-08 5.236280455539091272e-02 4.423114922600000261e-08 4.088767971582000252e-06 5.389535963000000217e-09 9.476330344616414880e-01
1.567203801099999851e-08 1.192029160423376845e-02 6.199791519299999709e-08 8.589779985894000115e-06 6.810639204999999629e-09 9.880710341351880421e-01
8.283924537999999732e-09 4.232213300506584841e-02 4.649896167000000317e-09 1.015430477572800066e-05 2.906779190000000182e-10 9.576676994656598829e-01
7.112357772000000119e-09 5.696000395345787726e-02 2.620028650000000085e-09 1.275207575867400000e-05 7.985964799999999976e-11 9.430272341585375084e-01
1.232475969999999902e-10 6.554000035761606280e-02 2.169583039999999964e-10 5.069000319219999947e-07 3.355186500000000044e-11 9.344594923685942689e-01
1.685204130000000026e-10 7.450757701270310394e-04 1.771275000000000043e-12 2.845936122600000017e-08 2.758519600000000096e-11 9.992548955726348048e-01
1.491800000000000141e-14 7.037976895319999664e-06 7.386999999999999535e-15 5.493262600000000169e-11 1.338604699999999938e-11 9.999929619547636150e-01
1.622505000000000062e-12 5.939365361794999997e-06 9.710799999999999628e-14 1.284909888000000103e-09 4.265967000000000133e-12 9.999940593437427472e-01
9.529419999999999193e-13 1.962213324009399950e-05 5.610200000000000167e-14 5.458006306000000393e-09 4.462530000000000070e-13 9.999803724072983124e-01
1.483460000000000073e-13 2.756872248959400107e-05 7.660900000000000456e-14 4.218281206999999810e-09 2.079109999999999912e-13 9.999724270587964092e-01
2.565611999999999953e-12 1.164747809008809970e-04 1.431075999999999909e-12 4.199378110500000247e-08 5.045386000000000288e-12 9.998834832162759589e-01
1.561572299999999974e-11 6.260426609630099853e-05 1.393062000000000067e-12 1.772248564289999871e-07 7.050752000000000368e-12 9.999372184849878442e-01
1.627727000000000058e-12 6.068565879847199866e-05 1.215610000000000108e-13 3.822518153200000125e-08 3.288000000000000227e-13 9.999392761139418440e-01
2.515000000000000044e-15 1.353553377979099925e-05 2.478699999999999828e-13 2.897324898999999841e-09 4.419156240000000176e-10 9.999864611267292869e-01
9.424974000000000266e-12 1.270759760785970024e-04 2.778339999999999751e-13 8.981530918920000420e-07 1.097635000000000018e-11 9.998720258501504476e-01
2.072176600000000026e-10 1.096776678229908044e-03 9.988106499999999613e-11 2.141451479616000072e-06 3.978189320000000063e-10 9.989010811653729061e-01
8.758924799999999703e-11 4.237991959537030107e-04 2.426899999999999989e-13 4.959275898240000140e-07 3.941030000000000222e-13 9.995757047882305457e-01
2.418406400000000094e-11 3.603315612152330075e-04 4.889999999999999863e-14 3.983101050520000226e-07 1.366079999999999920e-13 9.996392701043100848e-01
4.747274330999999675e-09 5.049048340566510314e-04 2.734623000000000029e-12 1.145229014570499967e-05 1.725998999999999944e-12 9.994836381240627121e-01
2.629059796999999920e-09 5.650680208953930053e-04 1.139486999999999908e-12 2.015812116896699980e-05 1.894763000000000011e-12 9.994147712258415472e-01
1.623034822199999888e-08 7.048135542117250039e-04 1.128705000000000086e-12 1.992919870246499936e-05 2.239245999999999888e-12 9.992752410133697305e-01
1.698694705599999991e-08 2.352586725359298928e-03 1.808350000000000065e-13 5.126606923625300207e-05 3.538149999999999924e-13 9.975961302179228163e-01
1.966984802700000035e-08 5.213700028240555659e-03 4.134400000000000286e-14 9.360482237263600632e-05 1.511412000000000023e-11 9.946926754643833357e-01
2.185561479199999907e-08 1.763475933821084113e-02 1.367299999999999952e-14 8.973791635720200391e-05 1.111247900000000056e-11 9.822754808786909875e-01
5.042886630999999969e-09 8.205407659170017853e-02 5.629999999999999779e-16 1.512803562111800035e-05 1.464359999999999932e-13 9.179307903296451965e-01
5.152795666889999519e-07 8.480650383453652852e-02 1.527400000000000010e-14 1.960837410066299977e-04 2.842223000000000096e-12 9.149968971420325836e-01
1.791210965120000074e-07 1.545525826717670248e-01 6.065399999999999833e-14 4.552676120765880119e-04 2.034793399999999919e-11 8.449919705746512522e-01
3.834665631900000167e-08 5.518952113122325143e-01 1.063300000000000061e-14 1.296829602453336994e-03 1.379039200000000011e-11 4.468079207248568108e-01
1.624280314000000013e-09 5.612601273958056636e-01 4.940000000000000400e-16 6.951358608294759978e-04 3.652012999999999617e-12 4.380447351154320157e-01
2.516329800000000076e-09 1.231826330536658215e-01 5.000000000000000358e-18 2.749093153226158954e-03 8.195999999999999610e-13 8.740682712759586526e-01
3.462154798000000076e-09 1.415391847908065159e-02 0.000000000000000000e+00 4.055116701889632108e-02 3.954594999999999670e-12 9.452949110359135654e-01
1.503399429999999941e-09 4.683198968760699931e-05 0.000000000000000000e+00 2.926500895703397151e-02 1.339581999999999976e-12 9.706881575485393210e-01
1.076839532619999976e-07 3.957592637419999799e-07 0.000000000000000000e+00 1.239807407731601113e-01 2.156860000000000010e-13 8.760187557834072658e-01
3.960989056912030256e-04 1.756488151910000043e-07 0.000000000000000000e+00 5.377211638254645321e-01 3.844199999999999791e-14 4.618825616199906947e-01
9.764419484371140712e-01 1.903558740000000116e-10 1.000000000000000072e-18 2.351484065660796458e-02 3.800000000000000118e-17 4.321071592201699684e-05
9.999989863026075287e-01 5.476999999999999659e-15 0.000000000000000000e+00 1.013650531807999917e-06 0.000000000000000000e+00 4.685519599999999942e-11
9.999999993885946292e-01 7.029999999999999848e-16 0.000000000000000000e+00 6.105759799999999539e-10 0.000000000000000000e+00 8.286439999999999778e-13
9.999999998125603806e-01 3.329400000000000182e-14 0.000000000000000000e+00 1.829725720000000009e-10 0.000000000000000000e+00 4.433796999999999833e-12
9.999999938375876418e-01 7.416689000000000205e-12 0.000000000000000000e+00 2.942293999000000072e-09 0.000000000000000000e+00 3.212701676000000146e-09
9.999810190603075633e-01 1.631126950000000043e-10 1.999999999999999958e-16 1.788952626112099936e-05 0.000000000000000000e+00 1.091250318313000084e-06
9.971222136159793026e-01 1.349030723629999898e-07 4.351099999999999883e-14 2.342768838564544907e-03 0.000000000000000000e+00 5.348826423401360297e-04
1.628781516972999934e-03 3.778930117430000112e-07 1.450731999999999922e-11 1.332876183781470970e-02 1.637017300000000043e-11 9.850420787213231000e-01
4.154164906524260184e-04 6.204203579999999755e-10 1.010202899999999934e-11 9.993318082440781902e-01 5.646999999999999661e-15 2.527746347415000183e-04
5.399748431700000178e-08 2.395762499999999951e-11 1.589999999999999952e-16 9.981603847375639660e-01 5.000000000000000358e-18 1.839561240993961089e-03
6.752219999999999677e-12 1.145139999999999955e-13 0.000000000000000000e+00 9.880202815738522437e-01 0.000000000000000000e+00 1.197971841928098351e-02
2.928327556000000072e-09 1.254936016000000089e-09 1.656000000000000088e-15 8.531938851592182349e-01 3.282999999999999901e-15 1.468061106575133390e-01
1.122523652999999923e-09 2.293830299999999983e-11 1.408000000000000002e-15 9.989963993303805356e-01 1.819999999999999992e-16 1.003599524155988996e-03
9.732125400000000628e-11 1.291877271000000075e-09 6.799999999999999562e-17 2.812879851524509589e-01 1.869599999999999930e-14 7.187120134583316888e-01
1.330105731000000019e-09 5.662745720000000283e-10 1.199999999999999932e-17 9.803747219451147688e-01 1.059999999999999968e-16 1.962527615850492499e-02
5.546201619679999734e-07 1.685935131000000035e-09 1.760600000000000091e-14 8.486943388938997801e-01 6.436399999999999716e-13 1.513051047993418663e-01
1.973908790199999914e-08 1.813966220000000049e-08 3.504000000000000140e-15 8.925603129468500097e-01 2.518699999999999847e-14 1.074396491743712240e-01
3.143397360000000256e-10 7.910835207300000171e-08 1.907999999999999844e-15 9.208443489838360474e-01 4.037999999999999745e-15 7.915557159346624239e-02
4.653207579999999872e-10 2.011787577589999889e-07 3.387300000000000117e-14 9.676641544895853153e-01 2.418899999999999922e-14 3.233564386627819920e-02
6.120398740000000053e-10 7.666288141000000635e-08 2.802999999999999990e-15 9.641132020334270969e-01 5.123999999999999642e-15 3.588672069164362821e-02
4.497920580999999956e-09 1.633047906299999961e-08 3.434899999999999707e-14 9.836340332131335851e-01 5.562599999999999946e-14 1.636594595837669724e-02
2.908581642029999779e-07 1.457668294999999945e-09 7.628790000000000051e-13 9.988678895549963910e-01 6.441239999999999724e-13 1.131818127764145981e-03
1.960572543699999938e-08 5.602206241000000184e-09 8.763999999999999626e-15 9.636387893613727051e-01 9.066199999999999527e-14 3.636118543059619485e-02
1.219679492100000058e-08 2.648843992999999947e-08 3.078299999999999869e-14 8.840732941963785896e-01 1.143575999999999973e-12 1.159266671172121954e-01
1.190419461470000045e-07 8.878691161999999752e-09 2.027601999999999906e-12 9.896428384804836220e-01 6.123700999999999616e-12 1.035703359072789355e-02
2.017401093019499878e-05 6.229704050000000158e-10 2.167763939999999993e-10 9.996307478280755943e-01 3.756069516000000405e-09 3.490735651780570072e-04
3.446918871899199691e-05 2.977537640000000073e-10 8.510511299999999391e-11 9.992445503375885218e-01 1.047638464049999974e-07 7.208753269872129671e-04
4.284584343259792254e-03 8.655158999999999471e-12 2.863463819999999909e-10 9.957150186255113722e-01 8.987587100000000503e-10 3.958374686220000132e-07
1.286487745378210113e-04 6.380061999999999800e-11 9.355122399999999837e-11 9.998617981031916457e-01 1.066494254999999935e-09 9.551898424607999590e-06
4.709701868921999839e-05 9.714250000000000860e-10 1.860048629990000078e-07 9.999174047379443264e-01 3.422658299751200206e-05 1.084684080846999939e-06
4.375566640932600075e-05 2.026849488000000000e-09 1.388137879790000072e-06 8.990997102851873146e-01 1.008542921593535008e-01 8.517243205769999621e-07
1.666143226592999886e-05 4.668331690000000030e-09 2.269985101230000127e-07 9.649351465917231918e-01 3.504734869970946992e-02 6.116094595030000386e-07
2.231332388265000071e-06 1.197043430599999936e-08 6.682312413999999810e-09 9.999533933792472684e-01 4.242549676897900145e-05 1.931138848756000116e-06
4.078493192593000010e-06 4.283257779999999988e-09 1.305963700000000049e-10 9.999950291508524769e-01 3.915978564999999662e-09 8.840261222219999473e-07
1.554057996498499987e-05 1.009058237000000013e-09 4.959708340000000493e-10 9.999840045935899369e-01 1.260792192800000026e-08 4.407134941800000094e-07
4.934866377251288794e-03 7.408966170000000006e-10 1.896796340400000036e-08 9.950606475183727540e-01 2.769624214777999849e-06 1.696771301100999971e-06
4.857992738429829866e-04 8.764916799999999769e-10 3.173242969999999886e-09 9.995013681606339517e-01 4.663067592100000153e-08 1.278188511243299960e-05
1.037683382562490061e-04 5.150803639999999710e-10 2.577942294999999876e-09 9.998920908597511703e-01 2.246589708000000058e-09 4.135462380243000152e-06
5.222981885378999859e-06 1.774469560000000082e-09 1.794041571000000050e-09 9.999904513648676385e-01 1.526539059999999932e-09 4.320558196899999775e-06
2.000498927303999885e-06 3.946090902999999874e-09 4.012061711399999987e-08 9.999892097598602758e-01 1.154080547073999916e-06 7.591593957365999840e-06
4.740871986430999611e-06 5.376362269999999806e-09 2.658437397799999849e-08 9.999412000895328001e-01 1.438235616899999901e-06 5.258884212738500230e-05
9.996320804302800034e-05 8.654381280000000171e-10 4.350836413199999831e-08 9.998996276468077316e-01 9.412946274800000280e-08 2.706418842160000175e-07
4.458070290887550008e-04 7.232140170000000146e-10 2.113842263400000124e-08 9.995524407800021605e-01 3.900391927060000006e-07 1.340290079507999978e-06
6.854706577610000332e-07 4.275651595200000099e-08 6.423185422599999947e-08 9.995716481191589953e-01 4.073622647112199921e-04 2.019715710184299902e-05
3.126352179829000148e-06 1.398612369599999943e-08 1.396450035400000062e-08 9.999952609888632660e-01 1.696644320359999939e-07 1.415043900753999940e-06
4.931781538186999988e-06 3.944555671999999698e-09 3.908380642000000359e-09 9.999933132975407091e-01 2.006246227919999893e-07 1.546443361864000061e-06
2.029398554373400125e-05 1.009155203000000011e-09 1.429930353999999926e-09 9.999794013524916370e-01 1.360290754599999999e-08 2.886199717429999904e-07
3.848759911175099935e-05 3.112164470000000095e-10 4.152917308999999827e-09 9.999614356155196448e-01 2.069369477600000158e-08 5.162754011399999691e-08
6.144079016563000222e-06 9.737246820000000780e-10 2.676102458599999968e-08 9.998804103034003576e-01 1.104208200204950054e-04 2.997062813362999951e-06
9.395594858830000458e-07 3.880437816000000334e-09 7.448050939999999576e-10 9.999981786968434871e-01 2.239115234700000109e-08 8.547272755450000494e-07
8.433279645470000759e-06 1.496361504000000031e-09 5.173040840000000180e-10 9.999914794761683989e-01 6.592999832999999774e-09 7.863752054500000190e-08
1.111114942797399985e-05 2.962905862000000114e-09 8.033595099999999937e-11 9.999888046526116403e-01 1.505923250000000112e-10 8.100412626900000448e-08
4.280201999117000089e-06 7.119586069000000148e-09 1.688240669000000099e-09 9.999932600817262873e-01 7.014285844910000123e-07 1.749479863118000000e-06
4.034097668683000421e-06 1.090741658000000044e-08 8.353707190000000400e-10 9.999941550539503954e-01 2.935177937399999964e-07 1.505587799905999921e-06
8.438721383739900418e-05 2.021903861000000198e-09 5.679010629999999722e-10 9.999155247258677548e-01 1.593917844000000128e-08 6.953131136600000391e-08
9.315722657415667282e-03 7.107266169999999900e-10 3.001655460000000097e-10 9.906434568011848185e-01 6.182183313834000288e-06 3.463734719337299684e-05
4.000328440366700180e-05 1.018314900000000060e-10 1.369787019999999890e-10 9.999587554225984887e-01 7.113863087100000303e-08 1.169915556809999935e-06
3.961456043560439787e-04 6.211249149999999968e-10 4.541674840000000150e-10 9.996027521352260914e-01 2.106740484100000047e-08 1.080117720708999983e-06
2.143496287926589903e-04 5.082180618999999636e-09 3.467956540000000185e-10 9.997848444941680457e-01 2.089102635800000042e-08 7.795570366210000036e-07
2.373939915332953787e-03 6.851760744999999829e-09 6.571215679999999760e-10 9.976103302946695006e-01 1.404657997570000095e-07 1.558181531527600168e-05
1.409344471740090008e-03 1.935436003999999826e-09 1.172117807000000014e-09 9.985886542969685253e-01 2.272967416300000052e-08 1.975394063468000027e-06
6.525299787955800138e-05 7.935077269999999691e-10 8.706057200000000164e-11 9.999340530556048989e-01 5.373180700000000093e-11 6.930122153839999756e-07
3.003048945539999972e-05 1.577806100000000130e-11 1.087175589999999936e-10 9.999699139238331647e-01 2.000611399999999975e-11 5.544220979599999787e-08
6.941211437616000065e-06 2.906623999999999874e-12 4.154647999999999848e-11 9.999930006986115227e-01 4.576217999999999717e-12 5.804092149100000016e-08
1.220300782028300036e-05 1.233300000000000062e-14 7.438251999999999676e-12 9.999877954149953840e-01 3.914000000000000097e-15 1.569729908000000041e-09
1.533501213880000072e-07 4.200000000000000208e-16 1.920090000000000101e-13 9.999998463705331853e-01 1.000000000000000072e-18 2.791531229999999871e-10
1.237106019979999970e-07 8.999999999999999874e-18 4.105300000000000188e-14 9.999998761917885393e-01 0.000000000000000000e+00 9.756847200000000213e-11
1.720733990000000106e-10 0.000000000000000000e+00 4.160000000000000051e-16 9.999999996235193755e-01 0.000000000000000000e+00 2.044066070000000075e-10
1.147571722000000101e-09 2.999999999999999829e-18 9.800000000000000239e-17 9.999999920066858783e-01 0.000000000000000000e+00 6.845742435999999911e-09
1.354979413000000103e-09 1.900000000000000059e-17 6.036000000000000262e-15 9.999999874427442093e-01 1.280000000000000092e-16 1.120227012700000078e-08
4.141919347499999692e-08 2.710000000000000155e-16 2.899399999999999742e-14 9.999999579278984196e-01 2.000000000000000143e-18 6.528787750000000474e-10
5.488076399999999716e-11 5.405000000000000067e-15 7.139999999999999663e-16 9.999999658461667940e-01 0.000000000000000000e+00 3.409894634699999963e-08
1.234776800000000046e-11 1.397000000000000021e-15 7.300000000000000291e-17 9.999999869770936911e-01 0.000000000000000000e+00 1.301055707400000036e-08
4.515060000000000251e-13 4.192000000000000275e-15 1.029999999999999974e-16 9.999999850774128340e-01 8.999999999999999874e-18 1.492213137000000056e-08
1.443929999999999937e-13 1.354999999999999930e-15 1.399999999999999946e-17 9.999999823203012950e-01 2.200000000000000003e-17 1.767955298600000116e-08
1.042099999999999953e-14 2.837299999999999936e-14 0.000000000000000000e+00 9.978442038248546142e-01 7.792799999999999621e-14 2.155796175028605946e-03
9.209999999999999773e-16 2.570110000000000042e-13 0.000000000000000000e+00 9.768653043266444236e-01 5.581845494000000269e-09 2.313469009125199496e-02
1.000000000000000072e-17 1.329999999999999918e-16 0.000000000000000000e+00 6.252039809681869675e-02 2.574532179200000072e-07 9.374793444499631700e-01
1.000000000000000072e-18 6.321581099999999473e-11 0.000000000000000000e+00 2.971930145465442874e-02 1.162127909000000051e-09 9.702806973200018836e-01
0.000000000000000000e+00 8.842700000000000530e-14 0.000000000000000000e+00 7.659318953027830510e-04 3.933275099999999976e-11 9.992340680652760376e-01
0.000000000000000000e+00 1.979406000000000058e-12 0.000000000000000000e+00 4.857025184297297966e-03 5.098974170000000194e-10 9.951429743038260334e-01
0.000000000000000000e+00 4.134360000000000167e-13 0.000000000000000000e+00 8.835370636420735932e-03 3.652583175175099840e-04 9.907993710456481917e-01
0.000000000000000000e+00 4.613999999999999638e-15 0.000000000000000000e+00 3.299883694199180219e-04 9.695398717157346358e-01 3.013013991484085954e-02
1.000000000000000072e-18 1.207159699999999946e-11 1.260000000000000013e-16 8.424775512849526082e-01 5.812960562130000242e-07 1.575218674069195079e-01
2.000000000000000143e-18 6.612084399999999625e-11 6.440000000000000122e-16 5.464395968042654594e-01 3.450962165205100079e-05 4.535258935079611309e-01
5.999999999999999659e-18 3.999974780000000192e-10 6.270000000000000318e-16 9.940524005594376655e-01 1.213288670000000077e-10 5.947598919235385848e-03
1.500000000000000030e-17 1.078845392099999931e-08 7.269999999999999804e-16 9.821896966222056768e-01 1.309016758000000048e-09 1.781029128032288189e-02
8.999999999999999874e-18 3.348122031999999843e-09 3.500000000000000173e-16 9.647251450324203503e-01 1.679862518400000097e-08 3.527483482083212940e-02
2.999999999999999829e-18 4.004313336499999922e-08 4.232999999999999955e-15 9.902866240537343545e-01 4.473570257099999950e-08 9.713291167425378014e-03
2.200000000000000003e-17 1.611409157000000072e-09 4.699999999999999951e-17 8.338799621033935461e-01 4.250861659999999993e-10 1.661200358601109817e-01
1.600000000000000114e-17 7.934037979999999515e-10 8.000000000000000572e-18 4.135881194718319942e-01 9.996752899999999361e-11 5.864118796347966844e-01
2.300000000000000088e-17 4.157077310000000198e-10 1.110000000000000041e-16 9.518190307840891373e-01 3.813632493999999687e-09 4.818096498657068599e-02
1.199999999999999932e-17 2.125455389999999957e-10 8.999999999999999874e-18 9.712827225225988403e-01 7.016738570000000152e-10 2.871727656318182748e-02
2.999999999999999829e-18 2.003247230000000052e-10 1.000000000000000072e-18 9.993184502542178382e-01 2.796230000000000092e-12 6.815495426610470014e-04
8.000000000000000572e-18 2.731244879999999891e-10 0.000000000000000000e+00 9.983848218634404637e-01 6.920688000000000126e-12 1.615177856514509900e-03
1.000000000000000072e-18 3.212682900000000138e-11 0.000000000000000000e+00 9.990538045695867009e-01 2.872735099999999974e-11 9.461953695591780083e-04
1.000000000000000072e-18 4.709684599999999931e-11 0.000000000000000000e+00 9.970974035449912121e-01 2.017086286000000154e-09 2.902594390825794998e-03
0.000000000000000000e+00 5.043709999999999720e-13 0.000000000000000000e+00 9.999817901576687484e-01 6.327195938999999786e-09 1.820351463079199973e-05
0.000000000000000000e+00 3.432999999999999735e-14 0.000000000000000000e+00 9.999926967201316907e-01 7.326610727899999375e-08 7.230013726713999908e-06
0.000000000000000000e+00 7.670000000000000387e-16 0.000000000000000000e+00 9.999986385015693369e-01 6.339447645299999442e-08 1.298103953552000099e-06
0.000000000000000000e+00 2.925999999999999820e-15 0.000000000000000000e+00 9.999999740547975691e-01 7.873127030000000092e-10 2.515788694200000100e-08
0.000000000000000000e+00 1.000000000000000072e-18 0.000000000000000000e+00 9.999999999997637445e-01 1.961790000000000065e-13 3.995499999999999863e-14
0.000000000000000000e+00 0.000000000000000000e+00 0.000000000000000000e+00 9.999999999999993339e-01 6.580000000000000425e-16 0.000000000000000000e+00
0.000000000000000000e+00 0.000000000000000000e+00 0.000000000000000000e+00 9.999999999999167333e-01 8.318900000000000025e-14 1.000000000000000072e-18
0.000000000000000000e+00 0.000000000000000000e+00 0.000000000000000000e+00 9.999999999998416822e-01 1.580329999999999992e-13 1.570000000000000120e-16
0.000000000000000000e+00 0.000000000000000000e+00 0.000000000000000000e+00 9.999999999999846789e-01 1.499300000000000046e-14 1.310000000000000086e-16
0.000000000000000000e+00 0.000000000000000000e+00 0.000000000000000000e+00 9.999999999907616122e-01 9.238327999999999528e-12 7.199999999999999899e-17
0.000000000000000000e+00 0.000000000000000000e+00 0.000000000000000000e+00 9.999999999894613190e-01 1.053874299999999970e-11 2.000000000000000143e-18
0.000000000000000000e+00 1.799999999999999975e-17 0.000000000000000000e+00 9.999999999994639843e-01 5.361149999999999830e-13 1.600000000000000114e-17
8.000000000000000572e-18 3.886199999999999763e-14 0.000000000000000000e+00 9.999999951560087919e-01 4.841978605000000158e-09 1.973652000000000121e-12
4.000000000000000286e-18 3.980838000000000289e-12 0.000000000000000000e+00 9.999999999645297066e-01 2.886212000000000021e-11 2.627504999999999920e-12
2.749999999999999819e-16 5.647461999999999792e-12 0.000000000000000000e+00 9.999924612101352972e-01 7.538764701294000367e-06 1.951572499999999841e-11
9.250000000000000423e-16 2.602073000000000155e-12 0.000000000000000000e+00 9.999999976312525796e-01 2.366016763999999878e-09 1.277089999999999963e-13
5.543000000000000337e-15 3.557963000000000033e-12 0.000000000000000000e+00 9.999999973975579604e-01 2.584391429999999965e-09 1.448713800000000046e-11
8.246900000000000433e-14 8.462330000000000354e-13 0.000000000000000000e+00 9.999999999291091513e-01 6.593458500000000243e-11 4.027345999999999912e-12
1.138440000000000095e-13 1.610756999999999979e-12 0.000000000000000000e+00 9.999999999423763164e-01 4.665802999999999885e-12 5.123334700000000028e-11
1.877927000000000143e-12 2.086037000000000151e-12 1.100000000000000002e-17 9.999995083183305100e-01 4.901690582710000110e-07 1.508647083000000009e-09
3.511416999999999880e-11 3.679707000000000165e-12 3.200000000000000229e-17 9.999998509585474871e-01 1.486276458180000015e-07 3.750127970000000112e-10
3.272372599999999683e-11 4.208519299999999762e-11 1.600999999999999983e-15 9.999799011163124085e-01 2.009841204025699930e-05 3.968369850000000074e-10
1.364710999999999919e-12 6.827131241999999802e-09 2.770999999999999865e-15 9.912437201774151330e-01 8.753394855718752213e-03 2.878138367465999803e-06
9.657051999999999875e-12 1.162716317799999959e-08 9.699999999999999847e-16 9.999991504031673362e-01 6.143484813289999723e-07 2.236115302609999875e-07
2.307766629000000124e-09 4.156882744699999983e-08 1.060530000000000026e-13 9.999863299876924350e-01 9.366582572160999913e-06 4.259553035320000412e-06
3.778739325999999646e-09 5.724770926599999607e-07 5.471594000000000000e-12 8.869322833689334828e-01 1.107554204452072533e-01 2.311719924555677950e-03
1.298583312900000037e-08 6.210906417919999535e-07 1.125007300000000006e-11 9.991750780710113577e-01 7.620404799754939900e-04 6.224736128817600061e-05
1.959872350100000036e-08 8.687097903977000760e-06 2.611557799999999933e-11 9.532929002663584894e-01 4.622673326690140971e-02 4.716597439969430245e-04
3.174054188020000005e-07 5.322092267754999692e-06 1.941123208000000159e-09 9.526706163153940699e-01 4.652074221135612392e-02 8.030000344398920218e-04
5.741477909999999488e-10 8.624905145000000756e-09 5.714102000000000000e-12 1.267033074218672966e-03 9.978712425843963008e-01 8.617151366179569500e-04
3.158652700000000262e-11 3.090360962000000095e-09 7.184920000000000449e-13 5.206256724475359513e-04 9.994408675233241723e-01 3.850368156220000242e-05
1.153679999999999987e-13 2.257751069999999943e-10 5.073279999999999765e-13 8.759481689794000760e-06 9.998945208660846573e-01 9.671942582778200531e-05
3.772339999999999858e-13 3.869121720099999709e-08 2.753305999999999820e-12 3.508632523225180006e-04 9.986975364040375780e-01 9.515616492921269735e-04
9.270106482999999608e-09 2.238810191265999976e-06 3.383898874999999919e-09 1.961044076016082160e-01 7.998554131398010192e-01 4.037927794394128786e-03
3.291692805999999961e-09 3.906310630561099696e-05 1.601461384000000095e-09 7.532956001878613472e-01 2.433915334117509044e-01 3.273798400927984027e-03
3.848899999999999887e-13 6.091037297999999760e-09 6.845066000000000148e-12 1.065132261022759959e-04 9.998869827481071670e-01 6.497927523194000264e-06
2.736185554399999898e-08 1.659474688723999964e-06 1.225134232000000000e-09 3.700103311689453278e-01 6.297352275655646592e-01 2.527532038113119951e-04
7.597809680000000279e-10 3.146039250981999923e-06 5.625858100000000298e-11 8.694949171243282482e-02 9.129627624903607908e-01 8.459894191588699470e-05
7.775299999999999948e-14 3.634302594999999827e-09 7.417400000000000029e-14 7.537404845476000046e-06 9.999924379885982706e-01 2.097210184899999919e-08
4.072986999999999879e-12 3.324305992000000086e-09 3.065693999999999922e-12 2.418497578353069946e-04 9.997156770722560593e-01 4.246983846410399714e-05
2.600676122000000135e-09 1.233755555654000042e-06 1.519965639999999990e-10 4.937416259071975566e-01 5.060119709335521021e-01 2.451666510220370100e-04
2.900000000000000285e-17 5.603019999999999889e-13 1.000000000000000072e-18 5.749242797299999798e-08 9.999999236711769601e-01 1.883583481600000007e-08
8.620000000000000047e-16 8.372560000000000223e-13 2.000000000000000143e-18 1.531185855619999941e-07 9.999998384860296907e-01 8.394546484000000353e-09
2.745945399999999957e-11 8.255620051399999971e-08 2.416261999999999989e-12 1.182629510962270383e-02 9.877251736912371349e-01 4.484486130638700146e-04
8.840290100000000324e-10 7.497485581229999834e-06 2.810104380000000016e-10 1.326689593443199366e-01 8.671159943007312743e-01 2.075477043280499949e-04
0.000000000000000000e+00 0.000000000000000000e+00 0.000000000000000000e+00 2.955000000000000094e-15 9.999999999999924505e-01 4.726999999999999700e-15
0.000000000000000000e+00 0.000000000000000000e+00 0.000000000000000000e+00 1.018570000000000046e-13 9.999999999997941647e-01 1.038269999999999952e-13
2.975999999999999843e-15 2.262339999999999981e-13 1.439999999999999980e-16 1.989686824499999887e-08 9.999999798664160888e-01 2.364862770000000180e-10
1.671989999999999876e-13 1.800633900000000083e-11 5.204999999999999973e-15 9.947292529229999448e-07 9.999989960001441913e-01 9.252424113000000543e-09
8.037453000000000366e-12 9.026503155999999215e-09 4.837320000000000435e-13 6.663881690271400665e-05 9.999328253193326965e-01 5.268287402329999655e-07
3.742978070000000226e-10 1.477227392074000043e-06 2.464101989999999973e-10 9.502254229585990752e-03 9.903703600889044445e-01 1.259078334094680099e-04
9.053643500000000056e-10 4.103282948300000025e-08 2.967837900000000246e-11 2.717584616025536890e-03 9.972697425550548500e-01 1.263086104758700008e-05
4.201777500000000228e-11 5.325130890000000236e-10 3.287168999999999844e-12 1.754760553197460020e-04 9.998242995925274990e-01 2.237743348880000099e-07
2.160899999999999910e-14 3.510789999999999826e-13 8.589999999999999559e-16 2.681408222610000024e-07 9.999997310971747710e-01 7.616294680000000138e-10
7.379999999999999619e-16 1.697999999999999981e-15 5.999999999999999659e-18 2.724498370000000029e-10 9.999999997240340832e-01 3.513559999999999823e-12
3.525322000000000112e-12 4.951411600000000320e-11 1.818800000000000035e-13 1.399194903599200001e-05 9.999859951779419553e-01 1.281980071700000020e-08
0.000000000000000000e+00 0.000000000000000000e+00 0.000000000000000000e+00 3.057000000000000173e-15 9.999999999999968914e-01 0.000000000000000000e+00
0.000000000000000000e+00 4.000000000000000286e-18 0.000000000000000000e+00 3.049779999999999855e-13 9.999999999996946887e-01 2.340000000000000060e-16
0.000000000000000000e+00 0.000000000000000000e+00 0.000000000000000000e+00 7.523000000000000168e-15 9.999999999999922284e-01 1.919999999999999891e-16
4.880800000000000266e-14 2.463857600000000033e-11 1.011499999999999969e-14 4.895952664640000128e-07 9.999994544291960219e-01 5.595084018699999762e-08
8.638049999999999731e-13 1.020579580000000048e-10 4.363300000000000199e-14 1.475416598086799951e-05 9.999849461875003342e-01 2.995435535679999840e-07
3.064169800000000146e-11 7.001645688099999698e-08 1.812669880000000041e-10 1.833656373467209980e-03 9.981511874504189752e-01 1.508594774821899935e-05
7.097944659999999662e-10 5.438666466199999752e-08 5.756322299999999887e-11 7.207662466320196096e-03 9.927859854202418788e-01 6.296959415581999589e-06
1.594299099999999988e-11 1.411072712300000058e-08 4.452093000000000384e-12 3.292679123563370218e-04 9.996707014871286656e-01 1.646939289800000097e-08
1.748000000000000005e-15 2.802857100000000138e-11 4.477000000000000134e-14 3.187322649140000103e-07 9.999996800116977003e-01 1.227962255999999924e-09
5.349299999999999734e-14 3.572085999999999932e-11 4.266289999999999989e-13 7.086068257799999650e-08 9.999999290976163691e-01 5.500125999999999620e-12
5.076969999999999924e-12 9.923110000000000113e-13 4.691700000000000092e-14 1.366018989079999917e-07 9.999998633903852685e-01 1.599561000000000074e-12
0.000000000000000000e+00 0.000000000000000000e+00 0.000000000000000000e+00 1.129299999999999950e-14 9.999999999999886757e-01 5.999999999999999659e-18
5.259999999999999683e-16 2.600000000000000032e-17 0.000000000000000000e+00 1.031025299999999981e-10 9.999999998966615511e-01 2.352729999999999811e-13
4.255280547900000164e-08 4.987515406599999765e-08 2.345149680000000242e-10 1.074096381735994421e-01 8.924767111100535555e-01 1.135580538724980011e-04
3.293703202600000322e-08 3.488169161000000090e-09 6.743914999999999744e-12 2.928821639531994925e-03 9.970685920165287541e-01 2.549911994050999882e-06
4.449138680000000017e-10 2.278400689999999931e-10 1.676187000000000035e-12 4.630276187538470115e-04 9.995365338785702214e-01 4.378282457820000175e-07
5.568629999999999871e-12 2.695379599999999862e-11 1.538450000000000124e-13 4.122166329866300152e-05 9.999585708569431741e-01 2.074470818919999882e-07
2.074144999999999943e-12 7.151349999999999613e-13 3.398300000000000020e-14 4.575735843709999724e-06 9.999954032207942767e-01 2.104053868200000043e-08
6.169899999999999539e-14 4.933299999999999916e-14 4.607999999999999935e-15 8.736693499700000108e-08 9.999999114009593404e-01 1.231990018000000000e-09
8.581560800000000501e-11 2.077328100000000029e-11 5.590908000000000111e-12 6.299539124352900477e-05 9.999369694094125682e-01 3.508716404299999926e-08
2.828898102000000129e-09 1.412105956999999957e-09 6.480760569999999917e-10 1.599442286153548954e-03 9.983998501772670675e-01 7.026474993029999795e-07
4.437300000000000061e-14 9.024171999999999446e-12 6.571350000000000065e-13 1.786433211629999962e-07 9.999998209696329132e-01 3.773204190000000114e-10
7.075999999999999807e-15 9.575999999999999409e-15 1.575999999999999971e-15 2.221693130000000043e-10 9.999999997767698989e-01 1.042432999999999947e-12
0.000000000000000000e+00 0.000000000000000000e+00 0.000000000000000000e+00 2.799999999999999892e-17 1.000000000000000000e+00 0.000000000000000000e+00
1.306299999999999947e-14 5.203900000000000172e-14 1.474999999999999908e-15 2.431596122000000136e-09 9.999999975513247374e-01 1.701264800000000148e-11
7.995257099999999702e-11 7.699015549899999635e-08 5.908433199999999765e-11 6.997690862558740132e-04 9.992869307161911241e-01 1.322306836048000010e-05
1.210314800000000024e-11 1.026199561000000084e-09 1.222886899999999919e-11 1.316051615590139946e-04 9.998669136922275769e-01 1.480095681935999916e-06
2.853340999999999807e-12 8.064167699999999762e-11 7.057189999999999740e-13 3.011745696700099899e-05 9.999689862833748277e-01 8.961754574770000459e-07
2.448382549999999858e-10 1.009130208500000059e-08 3.798939200000000070e-10 1.537670712420917928e-03 9.983420913102205585e-01 1.202272613240740060e-04
2.174128299999999942e-10 9.594074100000000158e-11 5.588304529999999941e-10 5.135007963415999890e-05 9.999478994182604552e-01 7.496299213769999664e-07
1.590781242999999934e-09 9.479626273100000296e-08 8.444107454000000313e-09 1.494850728371479925e-03 9.979782335969181739e-01 5.268108435589809744e-04
9.545526000000000296e-11 1.281458487000000103e-09 8.782983999999999363e-11 9.440181253846799338e-05 9.998992285939869440e-01 6.368128730932000404e-06
2.279683899999999905e-11 8.397933868000000782e-09 9.763729859999999118e-10 9.446821319855199721e-05 9.998993997914280563e-01 6.122598269601000382e-06
2.256945846450000086e-07 1.620456924108099874e-05 6.289037968099999843e-08 4.228420986436424167e-01 5.704219805756044481e-01 6.719427626547770302e-03
8.070647400000000506e-11 2.623889429999999760e-10 8.182752500000000276e-11 7.251566976897799667e-05 9.999264784332839717e-01 1.005472024023000015e-06
7.900000000000000180e-17 4.220000000000000040e-16 7.900000000000000180e-17 7.237867799999999917e-11 9.999999999171944598e-01 1.042631099999999960e-11
3.547575840000000252e-10 2.873714899999999800e-10 6.644004479999999495e-10 2.617692202233700105e-05 9.999736222834909594e-01 1.994879570180000015e-07
4.987870000000000233e-13 1.162641999999999924e-12 8.496551000000000759e-12 6.717715732800000298e-08 9.999999263235880287e-01 6.489096758000000011e-09
2.533240000000000119e-13 3.863385699999999699e-11 5.854910000000000141e-12 2.833189236020000097e-07 9.999997124625347178e-01 4.173799687000000240e-09
5.127599999999999780e-14 9.523999999999999353e-15 4.364999999999999734e-15 3.992759984999999595e-09 9.999999960031165092e-01 4.058223000000000165e-12
3.787418900000000205e-11 8.177142999999999744e-12 9.716612999999999443e-12 1.585840933674000065e-06 9.999984128489720625e-01 1.254326473999999916e-09
4.149803869999999952e-10 1.970517824000000000e-08 4.528885800000000379e-09 3.924343807889869753e-04 9.996070335701340293e-01 5.074000327490000151e-07
3.020461430000000094e-10 6.720453137400000417e-08 3.950867390000000188e-09 2.862476885784279992e-04 9.997132888973597753e-01 3.919566168480000244e-07
3.089829999999999972e-12 3.566408272400000274e-08 4.567367060000000156e-10 1.699671084770199836e-05 9.999828424880697897e-01 1.246771733310000056e-07
1.893415999999999937e-12 3.042837649999999778e-10 1.913816289999999928e-10 1.132104373269500021e-05 9.999882077005145531e-01 4.707581938919999919e-07
2.454510000000000009e-13 3.721409999999999892e-13 3.007519999999999992e-13 6.814408425999999734e-08 9.999999313032416071e-01 5.517560189999999730e-10
0.000000000000000000e+00 0.000000000000000000e+00 1.000000000000000072e-18 5.752599999999999641e-14 9.999999999999285016e-01 1.397099999999999924e-14
0.000000000000000000e+00 0.000000000000000000e+00 1.000000000000000072e-18 2.191799999999999998e-14 9.999999999999655831e-01 1.234300000000000039e-14
1.159947000000000005e-12 4.347868849999999840e-10 1.738781569999999877e-10 1.527893649807200076e-05 9.999832658392419082e-01 1.454614435136000002e-06
2.034270000000000075e-13 7.235267900000000289e-11 1.100695639999999948e-10 4.643291141316000066e-06 9.999950103825591130e-01 3.461436739509999789e-07
3.653743021999999937e-09 6.100633986499999441e-08 1.268801764709999877e-07 1.281675346609327179e-02 9.871306831504762513e-01 5.237184317117199911e-05
3.111268656999999942e-09 2.436558013800000047e-08 1.469580579889999902e-07 4.660050394722426402e-03 9.953373475171576334e-01 2.427653213031000207e-06
2.126613244459999954e-07 8.741248115000000579e-08 6.900968233969999833e-07 1.177559914451513645e-01 8.822405722219831548e-01 2.446162236479999800e-06
8.307000000000000285e-15 5.512299999999999898e-14 9.420570000000000116e-13 3.990682643400000063e-08 9.999999594804526160e-01 6.117155560000000278e-10
3.390756832000000015e-09 8.150826999999999798e-12 5.521244430000000143e-10 5.210240198751599802e-05 9.999478894917455118e-01 4.155234751999999674e-09
1.343635000000000060e-12 9.797909999999999799e-13 4.045476899999999992e-11 5.407451237300000050e-08 9.999999441241058662e-01 1.758603650999999975e-09
2.710687358867999799e-06 9.181255250409999906e-07 1.392058163245400081e-05 4.133463712357268033e-02 9.585615629060718623e-01 8.625057583923200638e-05
3.600361782299999839e-08 3.152123069000000156e-09 1.543612355739999967e-07 2.380061325389070119e-04 9.997611652363828094e-01 6.351141016340000063e-07
6.234894300000000041e-11 6.423754700000000176e-11 1.429322811000000034e-09 2.037983444190000013e-07 9.999997425911882898e-01 5.205455785699999684e-08
3.800000000000000118e-17 3.879999999999999939e-16 1.848000000000000052e-15 9.727259999999999489e-13 9.999999999778073079e-01 2.121768999999999983e-11
2.071100000000000068e-14 1.009897200000000048e-11 4.073123600000000054e-11 1.264899946999999997e-09 9.999989581318166065e-01 1.040552432511999935e-06
9.104665900000000196e-11 3.420369958199999727e-08 3.596683876999999912e-09 6.623807072575999595e-06 9.998774256821422179e-01 1.159126193549099939e-04
1.302073711999999902e-09 2.055500091021199863e-05 2.133349691380000016e-07 6.739417092091450285e-04 9.464213903229297120e-01 5.288389832990812028e-02
